positive\000529aa27b32a58.jpg 1 510 459 145 147
positive\0009ef760674b55d.jpg 1 143 165 450 367
positive\000bb2f7132013dc.jpg 1 373 376 48 45
positive\001886673fde2e15.jpg 1 4 8 1016 919
positive\001f5618a7b33d88.jpg 1 128 61 409 364
positive\0020cc96aba32e27.jpg 1 248 191 169 78
positive\002550d790ed010c.jpg 1 613 76 260 238
positive\00259130671bd32b.jpg 1 366 307 321 234
positive\0034d174c02756ca.jpg 1 241 265 113 128
positive\003ad2d61ffd5f60.jpg 1 499 176 107 86
positive\0052ea82520f9afd.jpg 1 656 320 163 148
positive\0061b18e3fb140ff.jpg 1 323 308 92 83
positive\006733ae7c1dcaab.jpg 1 935 364 38 34
positive\006e7f797a28e0e3.jpg 1 327 205 50 51
positive\0077cfc1390df0e6.jpg 1 263 261 217 247
positive\008eb1db3d98439e.jpg 1 304 105 341 270
positive\009e4e0b1191b499.jpg 1 333 191 247 217
positive\00a706ca95d22529.jpg 1 313 378 63 66
positive\00b34125e40825fe.jpg 1 554 162 36 37
positive\00c79041873d5156.jpg 1 399 251 84 89
positive\00e89628f7bf6d68.jpg 1 389 132 309 323
positive\00f6f96d7a29f196.jpg 1 910 272 104 103
positive\00fca8a2da7a4694.jpg 1 104 379 470 449
positive\010517f55cba7b1f.jpg 1 625 93 169 147
positive\0119c15fefb94aa7.jpg 4 538 99 167 177 762 136 212 169 324 168 186 130 57 111 201 151
positive\011c36b835cc0e31.jpg 1 368 41 619 677
positive\011d44489f99baf3.jpg 1 420 404 217 232
positive\012ceeb72f25221e.jpg 1 570 184 139 138
positive\013ac5092b4fecb7.jpg 2 265 309 82 85 417 290 115 103
positive\015fbcebae90bee0.jpg 1 295 106 367 469
positive\01a3e1b4d3fe77d7.jpg 1 172 391 351 374
positive\01f838adc1583cfe.jpg 1 374 382 281 257
positive\020c3a6ab62e4020.jpg 3 50 170 265 258 367 32 404 457 852 146 148 166
positive\0235ce48f0456a2f.jpg 1 484 242 104 110
positive\0237cf14614965d0.jpg 1 312 136 341 338
positive\02453db441cf3194.jpg 2 103 142 376 465 547 170 343 405
positive\027f07e3f47bdac1.jpg 1 105 366 260 324
positive\028d4adcf7a06bfd.jpg 1 505 33 150 123
positive\0292a2ce7793a2d1.jpg 1 309 403 68 67
positive\029eeb15de850634.jpg 1 335 193 477 497
positive\029f2bc0cf04580f.jpg 1 110 294 360 568
positive\029fc061b0ba6d97.jpg 1 435 101 106 101
positive\02a289b0659a1c01.jpg 1 465 606 162 172
positive\02abf6463179c476.jpg 1 476 248 68 69
positive\02c356661aee6501.jpg 1 187 79 677 578
positive\02dd063a0e2fc93a.jpg 1 342 362 139 108
positive\03459a3abd776e53.jpg 1 257 167 208 206
positive\035e3f6c2bbcff24.jpg 1 117 486 57 59
positive\0374e54219e0affa.jpg 1 770 198 128 146
positive\03a711bbaecf86b8.jpg 1 125 65 484 495
positive\03c05fe91276fd78.jpg 2 239 288 108 183 366 263 154 207
positive\03cd4987c51f2db9.jpg 1 207 30 561 627
positive\03f2254ef7c7b326.jpg 1 7 14 888 658
positive\0425988326765f5c.jpg 1 312 205 100 109
positive\042744c17cd33b70.jpg 2 404 108 79 107 495 108 64 108
positive\044aa6b67c27620e.jpg 1 356 238 61 59
positive\0459d85ff87ea745.jpg 1 767 335 146 152
positive\048046e948f035f7.jpg 1 818 369 103 108
positive\04842fb7900ecaef.jpg 1 312 96 181 216
positive\048eb426b4101e95.jpg 1 477 692 202 202
positive\04994a2f9b0755a6.jpg 1 378 181 49 46
positive\04b59524b3cebdf2.jpg 1 346 134 313 277
positive\04de68b1ea51bdd4.jpg 1 189 57 616 634
positive\050606febb3e0796.jpg 1 407 308 172 132
positive\0516fbff19c3a68e.jpg 1 455 277 101 109
positive\05c068154667aadc.jpg 1 33 9 970 660
positive\05f2620cb094d130.jpg 1 67 91 644 680
positive\05fa09f5f96848d5.jpg 2 409 444 158 160 367 455 43 155
positive\0623d31d92c5f8e5.jpg 2 498 299 369 407 154 332 153 406
positive\0665054b37963015.jpg 1 286 223 466 474
positive\066ba1ee96c962dc.jpg 1 389 465 214 230
positive\06b34e42b4dd8876.jpg 1 259 43 488 483
positive\06c4728aa7fa9db5.jpg 1 287 120 534 453
positive\072fdeb76b2274e6.jpg 1 125 240 90 95
positive\07347fd77ad920ff.jpg 1 48 14 964 744
positive\0749a9ea538ce765.jpg 9 154 196 448 284 253 43 255 143 550 52 271 147 773 167 247 198 597 308 264 245 396 547 511 205 778 344 239 386 246 492 338 250 15 426 126 292
positive\07b4a02fca6f706e.jpg 1 419 70 169 175
positive\07da256940d8d63d.jpg 1 48 55 942 861
positive\080d54e0d5b0bb85.jpg 1 400 200 176 174
positive\0814b0410bb8e030.jpg 7 316 365 117 151 80 251 55 60 49 224 33 28 36 249 47 38 81 295 76 75 133 326 37 95 359 489 121 168
positive\0826064c9408504b.jpg 1 477 300 181 171
positive\08431e796bad3616.jpg 1 35 311 188 202
positive\0858f39c6f2f33be.jpg 1 360 303 363 351
positive\08a71de91e1c60e4.jpg 1 253 130 102 108
positive\08c80a077fceb504.jpg 1 108 448 363 274
positive\08de04b1d5f6b9e4.jpg 1 331 455 365 184
positive\091c8bbeab9af7e4.jpg 1 598 507 129 102
positive\09adc40a5295affc.jpg 2 107 130 297 325 395 231 219 371
positive\09da9293dfe128d3.jpg 1 251 325 287 250
positive\09e673e92ce6c813.jpg 1 36 127 724 748
positive\0a0505b37292f590.jpg 1 356 306 76 92
positive\0a2d11a35183428f.jpg 1 585 217 416 448
positive\0a4b25e9e591d28c.jpg 1 0 183 286 389
positive\0a8090eae3685bb1.jpg 1 381 438 207 206
positive\0a999d01129b8939.jpg 2 422 187 214 206 640 151 151 268
positive\0accef11d18c2a1d.jpg 1 331 207 149 116
positive\0ad80dd416a766bb.jpg 2 51 254 244 345 542 251 234 354
positive\0b3b7fd1924db235.jpg 1 580 405 152 152
positive\0ba30101abbf5a21.jpg 1 353 168 111 96
positive\0baa194c8879140e.jpg 1 521 230 94 81
positive\0bc8bf7f3c1ea063.jpg 1 438 300 112 90
positive\0bda02a4d21065b4.jpg 1 322 201 386 347
positive\0c33993b15b5641b.jpg 1 244 801 165 170
positive\0c3d05acc13d6b1d.jpg 2 55 106 97 129 147 100 101 147
positive\0c5d188d7cef9110.jpg 1 158 230 202 206
positive\0c7c0c689ac49080.jpg 1 159 109 549 540
positive\0c8eb7ef703b6ac9.jpg 2 252 261 105 107 518 301 47 126
positive\0ccc0082afd6f329.jpg 2 214 557 109 114 371 552 77 143
positive\0cd36bb7e765b1b9.jpg 8 216 175 149 135 374 202 152 134 424 302 143 149 220 267 171 145 198 372 211 168 423 383 226 185 140 495 234 246 394 527 247 250
positive\0cd7cfd0efc44519.jpg 1 299 149 242 286
positive\0cf0e6eb33936e09.jpg 1 348 89 409 431
positive\0cfbfa57dc1b9586.jpg 1 417 217 194 227
positive\0cfe4ee24bb93139.jpg 1 144 293 171 187
positive\0d1c15b162a6c0b2.jpg 1 48 53 956 926
positive\0d79859306e692c2.jpg 1 11 7 1010 977
positive\0dfa47b1f2d4a4ad.jpg 1 302 146 74 87
positive\0e0d6926ef33a616.jpg 1 178 188 331 286
positive\0e2352247e7d2389.jpg 1 328 250 348 333
positive\0e47462d0b006289.jpg 2 265 482 198 172 161 516 87 158
positive\0e86719a23c4335a.jpg 1 193 93 310 332
positive\0efcb1f76176cf11.jpg 1 402 39 217 242
positive\0f2b172360ced726.jpg 1 3 475 250 230
positive\0f3e8d7bbf5f05f5.jpg 2 515 85 51 55 464 96 30 46
positive\0f5086033ab5e116.jpg 2 321 180 169 286 503 160 247 333
positive\0f93407aa9c41b11.jpg 1 5 4 747 667
positive\10103882be3b3702.jpg 1 393 108 410 426
positive\102d33178cd60155.jpg 1 172 63 326 332
positive\103e20ae5ac0fd63.jpg 1 302 506 130 125
positive\10591753e876e37e.jpg 1 19 24 351 364
positive\108fcdedf3555c11.jpg 1 306 662 188 196
positive\1191961a0c2bca07.jpg 1 0 111 217 331
positive\11b8fcc937eb4b30.jpg 2 378 208 139 167 391 363 112 124
positive\124211488aee8c01.jpg 1 197 45 223 199
positive\1254e8f6234bfe1d.jpg 1 533 75 151 141
positive\1256be3e30d5f961.jpg 1 363 481 129 138
positive\128483a48e1552f4.jpg 1 92 23 743 707
positive\12d3d26b909aa3c1.jpg 1 111 78 222 212
positive\12d5531e4c70ea0b.jpg 1 337 165 248 270
positive\133104855c751ab2.jpg 1 131 268 338 280
positive\1373feb8c90cb05c.jpg 2 262 370 331 294 605 413 93 342
positive\139118e951819e1e.jpg 1 183 91 671 601
positive\1429effba967712d.jpg 1 266 88 159 150
positive\146b6b684fba1ccb.jpg 1 382 728 184 143
positive\14fcd394c0b48c26.jpg 1 422 271 210 213
positive\155d7d00626e24d6.jpg 1 177 405 198 279
positive\15622397be7441df.jpg 1 324 489 155 139
positive\157e6c9fbc15bb7a.jpg 1 326 296 376 378
positive\15cf1116e46051f0.jpg 1 3 205 136 220
positive\1749eab5eaaf09b2.jpg 2 265 395 78 76 202 420 53 63
positive\187620a2149462f7.jpg 1 361 356 288 279
positive\19e37e9936fc85f6.jpg 1 259 268 100 85
positive\1a7c740234fd3013.jpg 1 159 46 770 693
positive\1afddab5c4e10cda.jpg 1 264 480 267 389
positive\1c09dfc710f5233b.jpg 2 551 245 55 65 613 246 36 74
positive\1c2557c8150bcf24.jpg 1 14 124 86 76
positive\1c88210ab9a2c045.jpg 1 468 166 40 48
positive\1c9be11196b3c58b.jpg 1 184 90 236 239
positive\1ca8e7850bf29d69.jpg 1 430 361 74 70
positive\1d35089b72324280.jpg 1 326 385 270 294
positive\1d8828a6bcf7e7a3.jpg 1 57 62 203 180
positive\1d93ed92dcb55390.jpg 1 311 191 325 294
positive\1d9f221109833a95.jpg 1 219 61 134 109
positive\1dad63ff47d99df9.jpg 2 477 389 36 65 363 373 80 77
positive\1e39120ba736dd73.jpg 3 545 451 103 85 541 390 86 69 502 525 57 78
positive\1ed3658589362847.jpg 1 646 103 366 410
positive\1ef62f5f2e6e0c4a.jpg 1 255 626 353 296
positive\1faab9800b01b840.jpg 1 368 375 45 46
positive\1fac767a838a6b76.jpg 2 368 457 142 190 124 474 173 161
positive\1fdfbee01bc74d96.jpg 2 595 327 169 172 503 377 68 156
positive\1ffc89b316201ada.jpg 1 388 514 167 150
positive\2006b095f447fb62.jpg 2 504 2 208 193 270 295 53 56
positive\2015df7781c03d3c.jpg 1 491 174 341 358
positive\204396033475c9e1.jpg 1 251 235 167 172
positive\21125879297b1143.jpg 4 172 95 234 259 238 458 228 279 663 119 152 167 689 555 107 127
positive\21db3eafed76f8e0.jpg 1 388 121 238 254
positive\21dc35d222fc0155.jpg 1 188 62 631 485
positive\21e484bb5aa47a34.jpg 1 144 287 155 131
positive\21ebe90455322735.jpg 1 417 304 121 103
positive\221fd5c24da49549.jpg 2 105 132 367 403 553 146 348 438
positive\22212b61cdc04ac6.jpg 1 531 122 313 410
positive\222842ef6653a52d.jpg 1 384 323 176 149
positive\229a205f034cf850.jpg 1 511 194 98 89
positive\23413317ba95c122.jpg 1 411 287 218 198
positive\2364d0d87314f83d.jpg 1 94 181 460 356
positive\23b6a52b4d0e8b45.jpg 1 628 215 69 69
positive\23f14e5d5e8f5477.jpg 2 698 135 163 180 714 314 209 104
positive\240adfaa64b9ac0c.jpg 1 225 201 238 277
positive\240d8d382a3883b7.jpg 1 229 85 214 220
positive\241054cfdcf47d56.jpg 1 485 244 67 67
positive\24395875aa8536db.jpg 1 27 229 255 305
positive\2448c95320e2b5df.jpg 1 533 198 71 73
positive\24a6a2c195d01198.jpg 2 243 192 172 282 483 166 210 319
positive\24c04bb1c9955327.jpg 1 383 133 321 360
positive\24fd5643e46ae883.jpg 1 427 240 222 200
positive\257e5699d93d63bf.jpg 1 133 287 363 355
positive\25968443608fb83a.jpg 1 368 251 316 314
positive\25ab099dadc30678.jpg 1 184 64 708 673
positive\26673c2f2c32abac.jpg 1 25 730 122 93
positive\26c93968d7373fb1.jpg 1 900 364 117 133
positive\26cd98a29add59e5.jpg 2 97 551 153 154 287 566 89 137
positive\26da249118ea6cad.jpg 1 262 595 162 147
positive\26f15e5a7f3b4217.jpg 1 285 558 312 196
positive\274868e6b78f9773.jpg 1 744 21 179 182
positive\27822f4f3209f3ce.jpg 1 32 354 276 314
positive\278fe37fe0d28e34.jpg 1 89 322 513 535
positive\2816f52e3b5b5ee4.jpg 1 383 235 223 223
positive\29060d1e1e2dfa5e.jpg 1 270 134 535 517
positive\2a23037a9dafc43a.jpg 1 183 49 585 573
positive\2a4a075d7f56ed11.jpg 1 425 498 178 136
positive\2b53b4d98c8e4aa6.jpg 1 641 178 207 189
positive\2c2d78ee6b7cb3cc.jpg 1 137 48 349 320
positive\2c4b3aa7a8108ba3.jpg 1 126 65 555 501
positive\2c533b600a258407.jpg 2 284 341 95 84 427 349 51 97
positive\2c64d833d56a677f.jpg 1 316 191 73 63
positive\2c9d86a419f5108b.jpg 1 410 228 108 113
positive\2cd700a76a2908ee.jpg 1 576 278 164 149
positive\2ce35c82f351afe6.jpg 1 58 345 100 107
positive\2d37ed23ca6894b1.jpg 1 269 108 521 550
positive\2d63bc7246596d4e.jpg 1 153 234 422 421
positive\2d69cd69d4d3bf6c.jpg 1 434 51 126 120
positive\2e2c799ddb208156.jpg 40 322 49 107 104 412 22 115 99 522 18 98 91 618 46 2 63 618 46 89 93 702 93 94 121 770 185 105 111 776 296 102 105 698 296 96 107 611 303 91 93 428 137 170 153 229 100 107 119 157 184 106 115 152 293 103 106 152 408 110 114 156 524 101 115 151 647 103 89 244 306 97 100 249 415 89 104 235 522 110 108 231 632 111 100 326 305 101 101 339 411 96 116 339 530 93 92 332 642 102 91 438 421 82 95 432 310 90 98 523 307 84 116 438 525 85 100 517 535 88 82 703 530 90 90 620 642 79 91 526 648 88 89 435 646 94 82 789 635 108 94 804 529 84 90 787 422 101 87 695 423 100 80 613 430 97 84 519 423 96 89
positive\2e39c73971a4829a.jpg 1 476 246 63 45
positive\2e6071084d7bf9d8.jpg 1 289 153 407 417
positive\2e978641b96d14cd.jpg 1 173 411 125 101
positive\2ec0dae215a7b440.jpg 1 221 653 171 158
positive\308c9c356c731a70.jpg 1 414 289 471 308
positive\315cfe05d43faeba.jpg 1 282 287 79 67
positive\319b17e72008adc5.jpg 1 400 308 194 191
positive\31d4ddd6477aefb2.jpg 1 405 629 104 118
positive\327064ede8863a72.jpg 1 5 17 1008 975
positive\32fb5f06253bb5a8.jpg 1 41 151 462 383
positive\335a20722472ebf5.jpg 1 650 15 129 106
positive\33ac51c37e4c2ea1.jpg 1 372 497 178 134
positive\33c7949f5691ae0b.jpg 1 234 303 254 211
positive\33ca59bce751278c.jpg 1 301 241 425 397
positive\340a9dc24ee3eb2f.jpg 1 362 726 199 186
positive\3490d5644635726d.jpg 1 255 348 279 285
positive\3511edd1de0387a6.jpg 1 195 310 170 132
positive\369e924d16905c67.jpg 2 356 479 131 115 577 526 64 110
positive\37182b3e66cd5ce3.jpg 1 5 6 140 178
positive\3756093539afebf6.jpg 1 279 656 117 113
positive\37981c894e1c6357.jpg 1 165 326 592 566
positive\37c6ebae25d77084.jpg 1 815 229 199 247
positive\381930bfa6c9e9f9.jpg 1 86 28 168 166
positive\385ea6c42e7cb025.jpg 1 223 294 271 266
positive\38979564c25864ea.jpg 1 8 567 60 69
positive\39134ae0aaba4789.jpg 1 323 183 347 189
positive\395a3a80d18e7f9b.jpg 1 566 624 188 128
positive\3961fb946d05a81a.jpg 1 145 632 398 355
positive\3988e7f91f36d966.jpg 1 237 688 274 263
positive\39a3202a06d123d5.jpg 2 373 351 94 114 488 363 65 104
positive\39df31c6d4f1ae20.jpg 2 92 400 52 46 136 397 44 53
positive\3a220c79ff210d40.jpg 2 293 381 92 95 677 428 75 69
positive\3ae229f065cd207d.jpg 1 332 210 308 294
positive\3aef4fdbecbb85fd.jpg 1 183 439 264 257
positive\3b028685b3cab627.jpg 1 20 206 122 125
positive\3b2871447ec226f4.jpg 1 262 343 236 255
positive\3b748ec7c0cde5e1.jpg 1 369 98 464 430
positive\3c6d5756e7d3cc15.jpg 2 187 401 96 77 135 411 48 66
positive\3c960edcd686fe92.jpg 1 207 364 377 353
positive\3ce6a47d928112f3.jpg 1 657 323 220 137
positive\3cfb95a65724ae4e.jpg 1 359 59 450 644
positive\3ddbda2ffce8828a.jpg 1 448 262 232 201
positive\3e40e2c3a81444ae.jpg 1 353 430 84 74
positive\3efc7c13e3822c50.jpg 1 335 147 101 94
positive\40dc4ea26048c68b.jpg 1 447 221 365 358
positive\4343b417eba02f6b.jpg 1 781 534 212 225
positive\434afcffc7f906cc.jpg 1 240 243 517 494
positive\437a796a1199e406.jpg 1 850 6 125 90
positive\437f4d85b8b0fb40.jpg 1 274 93 263 199
positive\438df5467eecb329.jpg 1 259 222 209 165
positive\445dd0c413776c18.jpg 1 309 431 61 56
positive\44ff619c6f2a6279.jpg 1 117 187 157 111
positive\45047acaa4471310.jpg 2 368 238 90 109 466 240 43 116
positive\453950c40a5d0629.jpg 1 155 3 276 185
positive\454ccaaf17e567e6.jpg 1 861 114 98 117
positive\4566de841628df56.jpg 11 340 567 89 74 491 526 55 47 114 567 38 40 166 570 33 36 203 564 31 30 208 643 33 33 162 653 37 34 110 654 41 36 209 718 36 34 777 532 71 69 969 500 53 112
positive\4569f90b9c41512d.jpg 1 260 353 219 220
positive\45be819a07a7887a.jpg 1 246 23 120 75
positive\45fb34ea18328101.jpg 1 207 379 221 200
positive\460fd0e81da2bc03.jpg 2 342 56 138 184 203 97 135 117
positive\461559729813aaf6.jpg 1 531 247 41 37
positive\4622af138aa4b963.jpg 1 337 225 368 400
positive\46e7afac805bb63c.jpg 1 176 75 601 571
positive\4703f0c06e1e70ee.jpg 1 390 82 453 397
positive\470b4aba8d496a50.jpg 1 180 389 595 546
positive\47b208611b29bbdb.jpg 1 270 179 261 302
positive\47e9bbcc2bf2d496.jpg 1 320 270 65 100
positive\47ebbf8fbadf47ba.jpg 1 567 164 155 136
positive\47f882a341f8cef1.jpg 1 374 397 149 131
positive\480d46b1e4cfb886.jpg 1 278 510 93 87
positive\48d392816f5fd4a1.jpg 1 264 665 183 156
positive\49317268d0ebf981.jpg 1 97 64 311 314
positive\49b58f93e7cf4732.jpg 1 440 550 151 121
positive\49f187556757c137.jpg 2 474 234 36 54 415 230 47 58
positive\4a56010c76a2c30b.jpg 1 476 53 151 147
positive\4b6f9ee579277b52.jpg 1 281 641 173 163
positive\4beea7867cc56687.jpg 2 143 275 107 128 59 297 86 105
positive\4c1bfa5875b100c0.jpg 1 111 117 152 169
positive\4e0908ad6d1b8147.jpg 1 287 173 89 98
positive\5052db8212ef1385.jpg 1 415 291 108 153
positive\506c1e2cb0de7140.jpg 2 270 180 205 162 546 251 68 195
positive\50abd136ccd333f6.jpg 1 587 677 106 105
positive\50b30556dabc5a90.jpg 2 461 254 295 197 33 303 145 181
positive\5120f7da380cafa6.jpg 2 367 800 244 195 287 840 72 156
positive\5249c2881e8ad04f.jpg 1 465 309 244 232
positive\5330f94c5c1da0ce.jpg 1 361 174 67 69
positive\5339adb6e831a1e4.jpg 1 368 106 160 126
positive\571ba4a09469914b.jpg 1 94 33 897 681
positive\571ff07401575ea2.jpg 1 193 6 233 170
positive\573d1f0de6670273.jpg 1 286 565 99 73
positive\579853cad3d5c5a4.jpg 1 277 573 180 131
positive\58e53c66f004060f.jpg 1 619 615 143 133
positive\58ea3e90c24c6a57.jpg 1 206 255 322 243
positive\58eefdd8ccf456dc.jpg 1 189 127 343 154
positive\5966c34161594c72.jpg 1 393 167 375 336
positive\5ac2f40ae92dbdac.jpg 1 26 22 990 960
positive\5aff1b2fbce15eb5.jpg 1 314 200 298 296
positive\5b3a0493f24c336d.jpg 1 480 223 197 161
positive\5c6ee9b863cbcd13.jpg 1 479 252 104 94
positive\5ceecf9ec8005b46.jpg 1 222 334 115 89
positive\5e097e3f068fb622.jpg 1 359 316 281 310
positive\5ef600cced964e72.jpg 1 436 255 229 217
positive\5f197c65e48fdb66.jpg 1 102 96 286 333
positive\602bdd6124a66b28.jpg 2 456 258 161 152 388 278 55 126
positive\617cf57e23cc777c.jpg 1 350 506 143 142
positive\619a1b4473a897cd.jpg 1 372 37 370 599
positive\625f43fb3cff5d1c.jpg 1 336 163 81 49
positive\62633029221455de.jpg 1 261 155 128 100
positive\629e9bd99006377d.jpg 1 197 396 315 241
positive\62d1af691e080c5e.jpg 1 400 383 114 103
positive\645219a11c697669.jpg 1 802 88 172 237
positive\64a9853823898d79.jpg 1 303 239 84 71
positive\65a5a494b269cdea.jpg 1 617 434 125 95
positive\6619763c4423d46e.jpg 1 402 135 192 177
positive\668e433ae2aa62ff.jpg 1 358 90 204 254
positive\67e3016d6f0b5c4f.jpg 1 418 304 102 104
positive\6858a36c1a0d1a41.jpg 1 452 50 104 103
positive\686ecc39c18ec33b.jpg 1 99 54 293 300
positive\68c8ef6527e441e2.jpg 1 4 590 151 140
positive\690498379457ade5.jpg 1 231 79 439 429
positive\690553aa8f2747aa.jpg 1 532 269 302 287
positive\697814dac80ac447.jpg 2 397 373 61 66 475 397 32 58
positive\69f86a619e9338f1.jpg 1 334 183 111 99
positive\6a2fd16e604a9b87.jpg 1 346 139 388 386
positive\6a7ed70430ab86f4.jpg 1 184 207 373 373
positive\6ac2da75f9f1b2c7.jpg 1 386 740 78 68
positive\6bdd9f42ff27cb03.jpg 1 176 268 93 110
positive\6c281c50b4f2562b.jpg 1 474 360 255 220
positive\6ca22db47f7659bd.jpg 2 391 283 222 267 238 315 89 214
positive\6d49f9727863336d.jpg 1 600 290 67 72
positive\6d4c4c37049bfb7f.jpg 1 286 282 159 136
positive\6e8fa55a65f3ebc0.jpg 1 159 293 483 518
positive\6e9e3fab27096330.jpg 1 219 547 201 200
positive\6ee223bfda4bc1b3.jpg 1 330 182 440 442
positive\6f52d5c490f7fa85.jpg 2 415 548 101 115 181 546 75 101
positive\6f5f26b5ccb62d04.jpg 1 287 156 465 510
positive\6f719957009afbab.jpg 1 319 130 584 420
positive\6f85f7542ef5ec85.jpg 1 408 216 99 119
positive\6fd08574591ab6e4.jpg 1 243 307 137 114
positive\7038e379b4220d86.jpg 1 284 288 498 257
positive\704a8b0f182e3c0a.jpg 1 149 251 172 180
positive\704d9fdab6bd2f99.jpg 1 466 483 148 127
positive\70b297d4473bfc0d.jpg 1 269 273 98 147
positive\712897e48714ea2e.jpg 1 332 179 317 339
positive\7141387c841627b3.jpg 3 395 462 126 144 497 444 131 137 606 421 132 140
positive\71773ef79113a1e6.jpg 2 331 130 173 183 218 157 107 155
positive\71934e6bf426c8cd.jpg 1 304 50 241 183
positive\724a7ea6ff0dc90a.jpg 1 282 720 93 83
positive\7254e49d19ffec76.jpg 1 166 364 85 69
positive\75fceeacc74780b0.jpg 1 411 181 225 205
positive\7624cc886957c094.jpg 1 120 329 472 477
positive\7660238d53afca1f.jpg 1 41 24 701 705
positive\767bcda529989c65.jpg 1 323 226 90 70
positive\76baf19b837d3a85.jpg 1 340 303 121 117
positive\76f9367ab9bbd987.jpg 5 460 154 124 113 690 170 124 116 923 225 96 116 258 125 109 96 64 209 87 94
positive\771dba7cdb707eb6.jpg 2 510 653 109 94 455 658 46 89
positive\771f3662123878a2.jpg 1 405 249 212 187
positive\77911bb1d0eb78de.jpg 1 455 210 104 110
positive\7847572c30ba0f97.jpg 1 300 46 116 114
positive\78549bf1a5d77751.jpg 1 501 772 93 100
positive\78c2614cc98cbaf2.jpg 1 132 164 488 525
positive\78c33114c7aded26.jpg 1 569 168 369 432
positive\78cb7b6e6c576df2.jpg 1 315 238 246 253
positive\790c9150616a26fc.jpg 1 257 373 118 118
positive\7974bd3305c4601c.jpg 1 614 95 76 83
positive\7977857fc37cf51c.jpg 1 261 180 184 171
positive\79944233a3510162.jpg 1 175 82 409 327
positive\79df449b00943a5f.jpg 1 737 10 255 308
positive\7a307639fc428f84.jpg 1 400 371 143 153
positive\7a33bd6de300b2fa.jpg 1 414 240 84 91
positive\7a92bd2a8b5daf88.jpg 1 310 410 138 128
positive\7aaf88c05561f694.jpg 1 691 166 301 304
positive\7c87d557121bfab7.jpg 1 224 345 91 97
positive\7c9652937e34f20b.jpg 1 401 246 277 231
positive\7db00379a84454ab.jpg 2 515 238 137 137 696 246 103 143
positive\7e95106983bd7de7.jpg 2 334 509 176 127 557 526 74 142
positive\7efc13eb24b9937b.jpg 1 893 195 129 419
positive\7f2363f8039994c8.jpg 1 263 239 160 133
positive\7f4cf3c13dcb315b.jpg 1 313 278 273 248
positive\7f69d5b19a918b3e.jpg 1 350 446 93 113
positive\7fd1d1ed2c6b57e5.jpg 2 479 341 142 147 351 357 105 136
positive\80504857bf04ec4a.jpg 1 422 407 124 100
positive\80b2a8b6d57202c7.jpg 1 95 60 602 495
positive\80f0692b6f140e91.jpg 1 492 573 64 76
positive\815c7fe52652d702.jpg 1 344 256 115 139
positive\81a6cb4345b88c7a.jpg 1 503 255 245 260
positive\8291a8879f8505d4.jpg 1 401 63 276 265
positive\82f71a680df1d3d1.jpg 1 410 74 84 103
positive\83f2626ce794b001.jpg 1 122 619 375 238
positive\850a65316c016028.jpg 1 163 383 234 219
positive\8587384f95ce0e83.jpg 1 560 299 179 172
positive\85881fecbc8b8ddb.jpg 1 204 549 117 133
positive\886e9e565b3a6eee.jpg 2 320 490 193 294 73 485 217 251
positive\88969544e3bf0097.jpg 1 543 236 236 340
positive\88b96fc2a3462e56.jpg 2 155 546 182 153 404 545 115 184
positive\89026fe755b882a1.jpg 1 293 355 322 385
positive\89674d9de8090d92.jpg 1 29 161 536 462
positive\8b03294bd218943d.jpg 1 138 10 760 547
positive\8b403a0a5a202a28.jpg 1 740 395 267 279
positive\8c16320ad5e4ce50.jpg 1 275 159 167 147
positive\8e474943d64d73aa.jpg 1 143 279 543 512
positive\8eb213e47f604fd9.jpg 1 285 471 182 148
positive\8ee867b0fe95263c.jpg 1 325 496 232 147
positive\8f2e5fedded15073.jpg 1 247 80 450 464
positive\8f3bc7f35da363a6.jpg 1 241 300 70 55
positive\8f5ccda3bdf5311b.jpg 1 597 195 350 319
positive\8f8ac67163b44dcc.jpg 1 174 41 271 410
positive\8fe1e8e5d83fb8ff.jpg 1 402 421 199 93
positive\901589ebcd6c65c4.jpg 1 597 148 182 214
positive\903ebf41a977abe5.jpg 1 241 388 205 183
positive\905491bf842223b2.jpg 1 303 105 484 421
positive\9075b561d62f0d36.jpg 1 239 267 208 212
positive\9083abfb861a4779.jpg 1 535 550 213 169
positive\90911e8e964859e3.jpg 1 222 79 200 247
positive\91ad499960ada35a.jpg 1 451 258 118 109
positive\9214a9876e50af9c.jpg 1 397 175 223 246
positive\921d2eba5c25c898.jpg 1 479 203 91 101
positive\925b06ae9e87e2be.jpg 1 68 7 136 119
positive\929cc2fe2eff692b.jpg 1 572 328 360 315
positive\92ef672c2f223d2a.jpg 1 257 250 492 511
positive\944de3e9a564dfbc.jpg 1 540 188 82 69
positive\94799eb3a7ab2fc7.jpg 1 436 139 293 333
positive\9484fec2e8011c11.jpg 1 141 58 773 671
positive\94c3f0db4a79d69a.jpg 1 660 297 135 104
positive\9540cf39c91682cc.jpg 1 323 263 92 62
positive\95489d08acac64a2.jpg 1 481 291 77 67
positive\95bd722d1484d9de.jpg 1 446 248 155 172
positive\969d201b6117caf0.jpg 1 188 226 89 94
positive\971f7319c616bf3e.jpg 1 237 110 529 442
positive\9737a07bd6ab52e4.jpg 1 252 254 242 215
positive\97f936f4b8072aad.jpg 1 555 274 133 105
positive\9844edbedf7789d4.jpg 1 445 130 194 214
positive\98c8df993d8c64bf.jpg 1 466 258 122 161
positive\98da7cb8232372d8.jpg 1 907 33 103 122
positive\990e1acec4f4fb9c.jpg 1 474 151 135 201
positive\9941b806730ea483.jpg 1 202 246 273 275
positive\9a299e72a37e7a55.jpg 2 313 681 122 178 124 688 117 169
positive\9aadc2f6231c4d9a.jpg 2 204 107 258 184 583 149 137 270
positive\9b1df01e840aad2f.jpg 1 255 289 199 178
positive\9bd44e5ab459558a.jpg 1 242 12 261 315
positive\9be87ac53ea3bd10.jpg 2 364 126 172 208 573 142 91 222
positive\9c8043247210962b.jpg 2 353 331 65 72 443 347 35 70
positive\9d518c7f3c32624e.jpg 1 218 135 725 629
positive\9db867c0e53b83d5.jpg 1 555 418 231 191
positive\9efd8be775c26487.jpg 2 544 147 143 154 672 120 121 116
positive\9f1d7be6702805b1.jpg 1 646 154 363 412
positive\9f63b3f20e7f435b.jpg 1 382 323 115 191
positive\9f7c20625d27e580.jpg 20 228 45 263 169 251 210 276 255 505 255 244 275 725 262 137 240 835 273 119 197 849 469 104 222 726 530 108 207 472 519 277 216 95 306 116 219 179 246 112 183 199 354 258 165 77 485 140 185 682 94 96 78 488 56 190 227 751 67 52 66 816 81 91 95 786 114 92 104 820 223 83 98 886 202 56 93 926 138 74 110
positive\9f7e4c98ffb951fc.jpg 1 376 662 135 103
positive\9fced37a4a3430fa.jpg 1 504 2 148 125
positive\a0fbe0c22f3dd5b8.jpg 2 327 498 175 160 161 542 109 122
positive\a11fdfd436ee2ef9.jpg 1 622 262 200 237
positive\a19cd024730fb7d4.jpg 2 426 234 236 238 744 251 156 216
positive\a19f5da23e8aa96c.jpg 1 338 97 267 338
positive\a1c01e66df817ea7.jpg 1 310 75 443 447
positive\a2e9157139c348a9.jpg 1 236 427 49 49
positive\a3c44a42e192d708.jpg 1 238 143 137 216
positive\a3ff2ec2f49a563a.jpg 1 28 56 974 929
positive\a4d4ca25238be252.jpg 2 270 406 130 133 199 418 85 100
positive\a4dbc0136ba61042.jpg 1 105 72 412 397
positive\a4e5c432c06b1a75.jpg 1 371 99 169 133
positive\a4f8216348c765ee.jpg 1 609 182 133 140
positive\a53d89a84e166028.jpg 1 361 65 656 693
positive\a547a6b4104ab236.jpg 2 181 417 177 178 378 428 97 192
positive\a5633b0ee42e0a0e.jpg 1 311 421 352 390
positive\a633aafac21ac2a3.jpg 1 381 420 192 201
positive\a71cb83438daeb2a.jpg 1 448 297 222 236
positive\a7fcb59671a9a8de.jpg 1 212 109 145 150
positive\a90cc5b9926e5fa2.jpg 1 133 147 560 461
positive\a934fe0f39cd73bb.jpg 1 70 96 886 751
positive\a9cf36f02d9672fe.jpg 1 502 271 152 152
positive\a9e875f964db1fe0.jpg 1 317 163 124 88
positive\ab155c9d53054853.jpg 1 745 193 167 182
positive\aba97326db8b6e7e.jpg 1 290 543 116 105
positive\abcccec062e85b67.jpg 1 383 380 162 124
positive\ac4a5b3975eb3a70.jpg 1 310 399 117 84
positive\ad3880e383e3fa52.jpg 4 115 127 305 476 292 102 307 466 475 42 234 512 615 16 301 494
positive\ad9573b0a017fb40.jpg 1 365 583 102 89
positive\ada27d3797954157.jpg 1 304 463 120 149
positive\adbf64db5afe8cd4.jpg 1 549 8 233 160
positive\adfd2965886d2fbb.jpg 1 453 435 73 66
positive\ae9c3ce6fed7bb88.jpg 1 524 195 138 121
positive\ae9d1930083064a6.jpg 2 319 187 246 272 110 230 193 228
positive\aea2edc7743aaa2c.jpg 1 306 535 130 171
positive\aef6124dfe57ed27.jpg 2 471 237 62 105 409 254 64 84
positive\af7e468230a14b5f.jpg 1 555 99 40 49
positive\afa4c11c08798b2c.jpg 1 265 24 328 415
positive\b0589de7d92cbae2.jpg 1 342 108 170 177
positive\b07f3006b4209354.jpg 2 386 510 303 300 104 603 172 237
positive\b0a2a5b429335675.jpg 1 265 761 184 206
positive\b0da07ba1240a976.jpg 1 13 12 1000 979
positive\b1402467aeb8870a.jpg 2 482 369 284 275 119 463 218 186
positive\b179a2efbd1a2a35.jpg 1 241 275 397 338
positive\b1cd4a6315c4def8.jpg 2 483 304 185 156 347 300 116 148
positive\b29631fba516c668.jpg 1 436 235 148 132
positive\b3de7aa43868b6bb.jpg 1 481 278 92 81
positive\b3f739c70caab4b3.jpg 1 396 426 243 217
positive\b43ecf6d0e2959f6.jpg 1 164 238 375 368
positive\b493cb6757abf801.jpg 1 246 2 388 318
positive\b5950915ba92afdb.jpg 1 297 195 363 272
positive\b5a07982f4eec5cf.jpg 1 101 396 557 508
positive\b5a7347c017ba128.jpg 1 565 363 217 183
positive\b69b97fa8a4d5c0c.jpg 1 194 83 686 636
positive\b6aecd2b1fd3f21c.jpg 1 394 0 192 133
positive\b6e8095e399cda91.jpg 1 342 197 359 334
positive\b75beb913227eece.jpg 1 532 80 486 463
positive\b78e60d37f2ae2f5.jpg 1 114 338 469 373
positive\b8d2b1470b760f3d.jpg 1 630 54 181 125
positive\b909e68568a395b5.jpg 2 490 329 92 111 390 328 91 115
positive\b9cf731e7a30f296.jpg 1 129 589 252 259
positive\b9cfedbcabea0861.jpg 2 574 187 66 57 623 183 52 74
positive\b9f9ed42a68501c8.jpg 1 1 485 137 119
positive\ba4d8deb1136e049.jpg 1 8 15 1011 659
positive\bae8b662c7ecb7dc.jpg 1 445 283 140 164
positive\bb6f8d6779abb1ab.jpg 1 211 278 294 277
positive\bb9279338941c1ab.jpg 1 171 692 75 59
positive\bbb265dd258904a6.jpg 1 251 132 159 172
positive\bc5478285a497b86.jpg 1 280 675 170 148
positive\bfe8bf2503f2fb64.jpg 1 279 107 191 175
positive\c07674bd81855dac.jpg 1 236 291 349 360
positive\c08dcead66242f39.jpg 1 208 448 87 81
positive\c15f02de82f4fe65.jpg 2 184 401 103 112 96 422 71 85
positive\c28362228abf5f6f.jpg 1 360 94 557 504
positive\c297e232368cc096.jpg 1 370 263 475 435
positive\c3fbe4cc8567e69c.jpg 1 525 192 66 74
positive\c45998f47526872a.jpg 1 481 275 350 334
positive\c4a0656934337145.jpg 1 135 368 106 107
positive\c56fd13c3e5eed2c.jpg 1 142 196 458 408
positive\c5a0f46d60c470e8.jpg 1 251 531 86 72
positive\c6a1170ea9ee35f1.jpg 1 42 27 328 278
positive\c74a5c228829e8e5.jpg 2 525 384 173 170 673 367 109 224
positive\c7b4beb82d6d2fd0.jpg 1 61 68 477 381
positive\c860cc34e422b334.jpg 1 252 285 103 104
positive\c8a879e766b149aa.jpg 2 363 394 146 151 196 426 104 137
positive\c99c892a62d8bcca.jpg 1 135 315 431 432
positive\ca75eea8dfd23a29.jpg 1 27 200 647 587
positive\ca97733835107d6b.jpg 2 268 426 129 124 191 435 90 121
positive\cb71c61e7895fb6f.jpg 2 222 320 241 292 44 338 168 261
positive\cbcedb38f2334d20.jpg 1 500 349 99 78
positive\cdf6c69e4b329696.jpg 1 364 521 255 228
positive\ce20710dd5d8cdcd.jpg 1 102 124 395 337
positive\cf1da13bc43aba3e.jpg 1 366 629 95 91
positive\cf1ef545b8fefe76.jpg 1 603 79 192 184
positive\d01478941390fadd.jpg 2 247 550 137 123 426 573 53 128
positive\d0484c5a103ad936.jpg 2 230 191 195 312 504 244 156 307
positive\d07489196463d3b3.jpg 1 374 216 164 174
positive\d11e09885253bb2a.jpg 1 115 234 511 542
positive\d2c30b322abf52b7.jpg 9 393 76 258 309 204 248 125 203 284 397 152 259 214 612 103 208 430 679 221 312 284 23 115 208 204 14 78 109 162 770 99 144 286 849 155 148
positive\d31f862e7983a928.jpg 2 194 219 191 207 396 153 281 283
positive\d38078f827fed0ed.jpg 1 611 252 206 225
positive\d3867957e3d429ff.jpg 1 458 388 60 74
positive\d3e9d55277c52439.jpg 1 214 566 124 126
positive\d48e250cd41897fd.jpg 1 541 237 166 104
positive\d4f71fa3cb4b8509.jpg 1 304 282 201 195
positive\d528bd092e03a8a8.jpg 2 347 518 74 103 173 506 83 97
positive\d66cd864c343a2c9.jpg 2 536 410 123 211 421 415 93 194
positive\d715871091c760a3.jpg 1 324 443 162 159
positive\d71f9e48420783b2.jpg 2 449 278 141 157 390 293 64 131
positive\d7721a6f44593225.jpg 2 791 259 102 88 663 295 52 65
positive\d830bfd30018bb9f.jpg 1 551 352 357 313
positive\d84f4b9c8c4a39b4.jpg 1 166 397 391 286
positive\d8e0cda6c39fa16a.jpg 1 187 644 302 172
positive\d8f32d8ebef2712e.jpg 1 410 277 194 252
positive\d98532b5c8891498.jpg 1 231 405 246 244
positive\d9a12db33acdb446.jpg 1 329 425 208 341
positive\d9c9013eb9b2b9bb.jpg 1 560 99 146 132
positive\db3168fca6e018c6.jpg 2 493 217 192 278 337 207 136 255
positive\db94fc68cff8ba13.jpg 1 421 504 131 118
positive\dbe8c345c26585f8.jpg 1 241 113 571 484
positive\dbf22ab84ac32d09.jpg 1 381 617 247 277
positive\dc101e3f69a0a451.jpg 1 340 503 76 63
positive\dd32ae6c366fc743.jpg 1 34 240 173 198
positive\dd50dc8362baf8a8.jpg 2 358 363 39 62 281 361 50 63
positive\ddfefd606a55287d.jpg 1 468 77 180 208
positive\de4c2f7272f3c86d.jpg 2 344 215 62 54 312 227 29 43
positive\decac8e03348ea64.jpg 1 192 48 754 681
positive\df89eb923c790f2e.jpg 1 230 550 196 132
positive\dfb62add47c01549.jpg 1 277 357 91 59
positive\dfdc802ffbe0f118.jpg 1 400 301 183 194
positive\e19225b6a65b971b.jpg 1 362 72 185 193
positive\e1a85708af778b92.jpg 7 360 579 170 183 576 459 147 162 513 340 185 172 404 282 143 141 317 354 153 126 425 415 165 179 281 467 149 143
positive\e1c7067e2b9af397.jpg 1 282 488 247 210
positive\e3082dbe126d7c85.jpg 1 346 767 125 123
positive\e353d1ecd01bc280.jpg 1 409 2 426 371
positive\e40280a9599d0c6d.jpg 1 70 210 739 765
positive\e420621258e7eda3.jpg 1 192 352 451 394
positive\e52dd2c2b16df761.jpg 1 595 224 200 147
positive\e5b4b52987e90319.jpg 1 321 398 110 112
positive\e5f2af4744bfd40c.jpg 2 378 469 121 130 579 486 90 141
positive\e620c093d150a5dd.jpg 1 313 212 63 79
positive\e672f64d225c427d.jpg 1 389 159 144 149
positive\e68029d81e2e3563.jpg 2 724 78 66 96 685 79 36 80
positive\e6af149ae9223a76.jpg 1 542 37 434 501
positive\e6ec947d061f1dac.jpg 2 467 177 148 152 143 238 127 72
positive\e7b23888780157e5.jpg 2 548 194 339 331 173 226 298 252
positive\e7bfe96f55d07c5b.jpg 1 368 365 124 140
positive\e8024b435b6bbab6.jpg 1 235 123 166 146
positive\e88f96ac93d08a0c.jpg 1 225 408 258 179
positive\e918805482e6f0c6.jpg 1 291 304 94 79
positive\e9e9c08cc153e6f7.jpg 1 243 47 223 204
positive\eaba219fb1e586d7.jpg 1 443 16 186 153
positive\eac93b8cc6e31f00.jpg 1 384 193 311 255
positive\eacf4d74fad54bac.jpg 1 5 39 140 143
positive\eb09a9c760d3a082.jpg 1 114 296 285 289
positive\ec20df9b97bfefe7.jpg 1 389 213 431 259
positive\ec3164b01c06b71f.jpg 1 201 750 174 159
positive\ecaddd363413a0c9.jpg 1 440 518 121 125
positive\edc064d6af6d3710.jpg 1 299 325 67 74
positive\ee5fae20587a04df.jpg 2 603 392 181 132 834 432 66 135
positive\eeaae0d17d141ee3.jpg 1 755 382 223 205
positive\eec7c1e73dc406db.jpg 1 182 552 181 178
positive\eecf366fb6807161.jpg 1 255 109 493 521
positive\ef020f01a912fd87.jpg 1 616 21 192 176
positive\ef100b6a992671e6.jpg 1 278 631 155 133
positive\ef33d564a8edb3ef.jpg 1 195 118 140 132
positive\efc53abde22deb31.jpg 1 477 363 62 54
positive\efc8dc1f1bc8ef36.jpg 1 73 62 640 670
positive\eff92879ea356ae8.jpg 1 312 242 159 147
positive\f01dd630d4ee7b5b.jpg 1 229 221 226 183
positive\f2f3c82675f0f524.jpg 1 630 107 158 140
positive\f3667a5e57ce2b99.jpg 2 368 493 209 245 57 541 211 178
positive\f4b7dee2138eccb5.jpg 1 109 88 697 605
positive\f506919ae76f06a7.jpg 2 504 270 263 278 764 286 101 305
positive\f53a38dc3031cac2.jpg 1 393 41 132 134
positive\f5c0a1bde5724222.jpg 2 453 400 199 202 675 401 141 248
positive\f65554145832a20f.jpg 1 222 67 307 266
positive\f673ff7e477a0972.jpg 1 385 65 279 248
positive\f686c90edb28636e.jpg 1 471 301 132 117
positive\f68afb2bd3ab6a9f.jpg 1 225 448 353 277
positive\f7e67a46382556e4.jpg 1 218 404 145 157
positive\f7f9596b499c59b4.jpg 1 49 8 238 227
positive\f83850113279c4e0.jpg 1 180 620 178 188
positive\f844b1c925c8846f.jpg 1 277 535 178 174
positive\f89c815f0c3c4747.jpg 1 455 131 325 195
positive\f8cf4b884a4399db.jpg 2 131 300 86 60 796 293 121 91
positive\f96c45ff852aab66.jpg 1 760 415 197 148
positive\f9b52d1f8329ef74.jpg 1 198 370 387 361
positive\fa0bcf23449448ce.jpg 1 521 269 70 82
positive\fa551ed14064f832.jpg 1 17 181 256 250
positive\fa58803ba9cb6bec.jpg 1 340 325 139 134
positive\fa5b44f101824c82.jpg 2 161 338 137 137 278 350 85 137
positive\fadb81281ccc3d17.jpg 1 386 141 281 393
positive\fb28ef6289cdec4d.jpg 1 472 259 67 100
positive\fb4a28a2e42713ae.jpg 1 404 387 321 228
positive\fb55c530763a54cd.jpg 1 259 185 509 439
positive\fc6f04db568acf6f.jpg 1 231 89 787 677
positive\fc7370bd8db45668.jpg 2 497 346 152 143 682 350 123 145
positive\fd6c5bc5b97c539b.jpg 1 105 246 173 165
positive\fe006cb6c42a7c43.jpg 2 431 367 162 91 695 375 87 107
positive\ff393167e444f526.jpg 1 545 479 153 137
positive\ff495229e0faa009.jpg 1 265 217 353 342
positive\ff818ba7bb7ff6e1.jpg 1 517 1 206 172
positive\ffe3269ca4d049e3.jpg 1 510 162 82 77
